101 1.000000
0.000000e+00
8.187308e-02
1.340640e-01
1.646435e-01
1.797316e-01
1.839397e-01
1.807165e-01
1.726179e-01
1.615172e-01
1.487690e-01
1.353353e-01
1.218835e-01
1.088615e-01
9.655565e-02
8.513409e-02
7.468060e-02
6.521953e-02
5.673456e-02
4.918270e-02
4.250447e-02
3.663128e-02
3.149071e-02
2.701015e-02
2.311922e-02
1.975139e-02
1.684487e-02
1.434307e-02
1.219477e-02
1.035402e-02
8.779909e-03
7.436257e-03
6.291235e-03
5.316983e-03
4.489215e-03
3.786836e-03
3.191587e-03
2.687709e-03
2.261635e-03
1.901715e-03
1.597966e-03
1.341851e-03
1.126080e-03
9.444428e-04
7.916549e-04
6.632255e-04
5.553441e-04
4.647812e-04
3.888031e-04
3.250979e-04
2.717128e-04
2.269996e-04
1.895686e-04
1.582489e-04
1.320549e-04
1.101573e-04
9.185935e-05
7.657550e-05
6.381426e-05
5.316331e-05
4.427689e-05
3.686527e-05
3.068578e-05
2.553525e-05
2.124370e-05
1.766894e-05
1.469214e-05
1.221397e-05
1.015147e-05
8.435367e-06
7.007857e-06
5.820701e-06
4.833667e-06
4.013211e-06
3.331374e-06
2.764862e-06
2.294267e-06
1.903432e-06
1.578904e-06
1.309485e-06
1.085861e-06
9.002814e-07
7.463017e-07
6.185636e-07
5.126131e-07
4.247486e-07
3.518947e-07
2.914965e-07
2.414322e-07
1.999400e-07
1.655573e-07
1.370698e-07
1.134702e-07
9.392244e-08
7.773303e-08
6.432675e-08
5.322657e-08
4.403694e-08
3.642997e-08
3.013382e-08
2.492324e-08
2.061154e-08
